0.500000 0.000000
1.500000 0.000000
2.500000 0.000000
3.500000 0.000000
4.500000 0.000000
5.500000 0.000000
6.500000 0.000000
7.500000 0.000000
8.500000 0.000000
9.500000 0.000000
10.500000 0.000000
11.500000 0.000000
12.500000 0.000000
13.500000 0.000000
14.500000 0.000000
15.500000 0.000000
16.500000 0.000000
17.500000 0.000000
18.500000 0.000000
19.500000 0.000000
20.500000 0.000000
21.500000 0.000000
22.500000 0.000000
23.500000 0.000000
24.500000 0.000000
25.500000 0.000000
26.500000 0.000000
27.500000 0.000000
28.500000 0.000000
29.500000 0.000000
30.500000 0.000000
31.500000 0.000000
32.500000 0.000000
33.500000 100.000000
34.500000 0.000000
35.500000 50.000000
36.500000 0.000000
37.500000 150.000000
38.500000 150.000000
39.500000 650.000000
40.500000 800.000000
41.500000 1050.000000
42.500000 600.000000
43.500000 1500.000000
44.500000 1300.000000
45.500000 1500.000000
46.500000 1800.000000
47.500000 1600.000000
48.500000 1550.000000
49.500000 2000.000000
50.500000 2050.000000
51.500000 1450.000000
52.500000 2000.000000
53.500000 1700.000000
54.500000 1400.000000
55.500000 2100.000000
56.500000 2200.000000
57.500000 1400.000000
58.500000 1900.000000
59.500000 2200.000000
60.500000 1600.000000
61.500000 2300.000000
62.500000 1250.000000
63.500000 1950.000000
64.500000 1850.000000
65.500000 2050.000000
66.500000 1350.000000
67.500000 2050.000000
68.500000 1450.000000
69.500000 1750.000000
70.500000 1550.000000
71.500000 1450.000000
72.500000 1300.000000
73.500000 1200.000000
74.500000 1450.000000
75.500000 1050.000000
76.500000 1000.000000
77.500000 600.000000
78.500000 950.000000
79.500000 700.000000
80.500000 250.000000
81.500000 350.000000
82.500000 450.000000
83.500000 50.000000
84.500000 200.000000
85.500000 250.000000
86.500000 100.000000
87.500000 50.000000
88.500000 200.000000
89.500000 300.000000
90.500000 100.000000
91.500000 50.000000
92.500000 150.000000
93.500000 100.000000
94.500000 100.000000
95.500000 100.000000
96.500000 100.000000
97.500000 0.000000
98.500000 100.000000
99.500000 100.000000
